MAIN_UTT_MSE:0.3183272461090369
MAIN_UTT_LCC:0.7849986847926059
MAIN_UTT_SRCC:0.786896765986076
MAIN_UTT_KTAU:0.5972808161980034
MAIN_SYS_MSE:0.11027898217542594
MAIN_SYS_LCC:0.9249103641644819
MAIN_SYS_SRCC:0.9184428343119818
MAIN_SYS_KTAU:0.7569001391057476
OOD_UTT_MSE:0.24995899843542477
OOD_UTT_LCC:0.8385936023082643
OOD_UTT_SRCC:0.664727007911593
OOD_UTT_KTAU:0.47928378928651366
OOD_SYS_MSE:0.13708782580557446
OOD_SYS_LCC:0.9515357699211273
OOD_SYS_SRCC:0.9313043478260868
OOD_SYS_KTAU:0.7898550724637681
